1e-20	-1.74218258724e+24	-3.32275423686e+25	-5.45789393411e+55	-8.64848925723e+54	-5.45789393411e+55	8.64848925723e+54
1.09e-20	-1.53168608502e+24	-2.91986275755e+25	-4.40014731498e+55	-6.9758541541e+54	-4.40014731498e+55	6.9758541541e+54
1.18e-20	-1.36045564e+24	-2.59228570578e+25	-3.60857952042e+55	-5.72352422462e+54	-3.60857952042e+55	5.72352422462e+54
1.27e-20	-1.21894559835e+24	-2.3216868065e+25	-3.00288724691e+55	-4.76483754132e+54	-3.00288724691e+55	4.76483754132e+54
1.36e-20	-1.10040077802e+24	-2.09509609057e+25	-2.53050713303e+55	-4.01684763091e+54	-2.53050713303e+55	4.01684763091e+54
1.45e-20	-9.99919972514e+23	-1.90310725126e+25	-2.15596207864e+55	-3.4235466485e+54	-2.15596207864e+55	3.4235466485e+54
1.54e-20	-9.13869366162e+23	-1.73874917135e+25	-1.85466358485e+55	-2.94610105728e+54	-1.85466358485e+55	2.94610105728e+54
1.63e-20	-8.39504150448e+23	-1.59675814387e+25	-1.60917486766e+55	-2.55696210104e+54	-1.60917486766e+55	2.55696210104e+54
1.72e-20	-7.74716568637e+23	-1.47309360333e+25	-1.40687782039e+55	-2.2361871248e+54	-1.40687782039e+55	2.2361871248e+54
1.81e-20	-7.17863198005e+23	-1.36460611144e+25	-1.23847003646e+55	-1.96906909229e+54	-1.23847003646e+55	1.96906909229e+54
1.9e-20	-6.67647158291e+23	-1.26881112646e+25	-1.09698987312e+55	-1.74459828914e+54	-1.09698987312e+55	1.74459828914e+54
1.99e-20	-6.2303126026e+23	-1.18372223391e+25	-9.77143181685e+54	-1.55439960065e+54	-9.77143181685e+54	1.55439960065e+54
2.08e-20	-5.83178200248e+23	-1.10773623634e+25	-8.74856126151e+54	-1.39202667581e+54	-8.74856126151e+54	1.39202667581e+54
2.17e-20	-5.47404544106e+23	-1.03954496804e+25	-7.86952479759e+54	-1.25245209373e+54	-7.86952479759e+54	1.25245209373e+54
2.26e-20	-5.1514738412e+23	-9.78071183746e+24	-7.10928392298e+54	-1.13171174552e+54	-7.10928392298e+54	1.13171174552e+54
2.35e-20	-4.85937855255e+23	-9.22417926429e+24	-6.4478507118e+54	-1.02664022027e+54	-6.4478507118e+54	1.02664022027e+54
2.44e-20	-4.59404262507e+23	-8.71873946044e+24	-5.86996233661e+54	-9.34820564774e+53	-5.86996233661e+54	9.34820564774e+53
2.53e-20	-4.35196668687e+23	-8.25770355977e+24	-5.3618176731e+54	-8.54065558073e+53	-5.3618176731e+54	8.54065558073e+53
2.62e-20	-4.13045265093e+23	-7.83591193897e+24	-4.91318347099e+54	-7.82753827041e+53	-4.91318347099e+54	7.82753827041e+53
2.71e-20	-3.92713676471e+23	-7.44884635433e+24	-4.51539827955e+54	-7.19512543671e+53	-4.51539827955e+54	7.19512543671e+53
2.8e-20	-3.7399901371e+23	-7.09262911938e+24	-4.16128025626e+54	-6.63203193837e+53	-4.16128025626e+54	6.63203193837e+53
2.89e-20	-3.5672632928e+23	-6.7639176084e+24	-3.84484223007e+54	-6.12876429617e+53	-3.84484223007e+54	6.12876429617e+53
2.98e-20	-3.40746026549e+23	-6.45985351731e+24	-3.56112526446e+54	-5.67745875019e+53	-3.56112526446e+54	5.67745875019e+53
3.07e-20	-3.25925180485e+23	-6.17789820461e+24	-3.30586066141e+54	-5.2713439253e+53	-3.30586066141e+54	5.2713439253e+53
3.16e-20	-3.1215373791e+23	-5.91594919223e+24	-3.07561445893e+54	-4.90497324094e+53	-3.07561445893e+54	4.90497324094e+53
3.25e-20	-2.99348326876e+23	-5.67241220065e+24	-2.86782995848e+54	-4.57429393105e+53	-2.86782995848e+54	4.57429393105e+53
3.34e-20	-2.87345616436e+23	-5.44417956565e+24	-2.67776537631e+54	-4.27176369616e+53	-2.67776537631e+54	4.27176369616e+53
3.43e-20	-2.76150209396e+23	-5.23132769652e+24	-2.50556254356e+54	-3.99762619877e+53	-2.50556254356e+54	3.99762619877e+53
3.52e-20	-2.65664347537e+23	-5.03199481559e+24	-2.3484758977e+54	-3.74751669253e+53	-2.3484758977e+54	3.74751669253e+53
3.61e-20	-2.55826597076e+23	-4.84500855826e+24	-2.20484109873e+54	-3.51879276599e+53	-2.20484109873e+54	3.51879276599e+53
3.7e-20	-2.46582013115e+23	-4.66932069959e+24	-2.07320787702e+54	-3.30915141169e+53	-2.07320787702e+54	3.30915141169e+53
3.79e-20	-2.37881853794e+23	-4.5040013495e+24	-1.9523214147e+54	-3.11659985355e+53	-1.9523214147e+54	3.11659985355e+53
3.88e-20	-2.29682183608e+23	-4.34821244419e+24	-1.84107792132e+54	-2.93938488448e+53	-1.84107792132e+54	2.93938488448e+53
3.97e-20	-2.21944038632e+23	-4.20121087326e+24	-1.73852133722e+54	-2.775987778e+53	-1.73852133722e+54	2.775987778e+53
4.06e-20	-2.14800474688e+23	-4.06550992022e+24	-1.64767611674e+54	-2.63124536722e+53	-1.64767611674e+54	2.63124536722e+53
4.15e-20	-2.07701799351e+23	-3.93070109227e+24	-1.55589437613e+54	-2.48496566644e+53	-1.55589437613e+54	2.48496566644e+53
4.24e-20	-2.01155822345e+23	-3.8063916736e+24	-1.47484089171e+54	-2.35578189868e+53	-1.47484089171e+54	2.35578189868e+53
4.33e-20	-1.94938694291e+23	-3.68834136188e+24	-1.39939830825e+54	-2.23552630536e+53	-1.39939830825e+54	2.23552630536e+53
4.42e-20	-1.89035822319e+23	-3.57627075951e+24	-1.32925146803e+54	-2.12369951191e+53	-1.32925146803e+54	2.12369951191e+53
4.51e-20	-1.86727789409e+23	-3.53223392901e+24	-1.33343579874e+54	-2.13061262752e+53	-1.33343579874e+54	2.13061262752e+53
4.6e-20	-1.78087354237e+23	-3.36843957716e+24	-1.20301723721e+54	-1.92242645002e+53	-1.20301723721e+54	1.92242645002e+53
4.69e-20	-1.7300372272e+23	-3.27195422565e+24	-1.14613692166e+54	-1.83171944456e+53	-1.14613692166e+54	1.83171944456e+53
4.78e-20	-1.68157600584e+23	-3.17998623769e+24	-1.09294912409e+54	-1.74689209229e+53	-1.09294912409e+54	1.74689209229e+53
4.87e-20	-1.63534202922e+23	-3.0922539636e+24	-1.04316043077e+54	-1.66747777784e+53	-1.04316043077e+54	1.66747777784e+53
4.96e-20	-1.59118568765e+23	-3.00847254892e+24	-9.96479870488e+53	-1.59301355008e+53	-9.96479870488e+53	1.59301355008e+53
5.05e-20	-1.5489868269e+23	-2.92841303102e+24	-9.52677875115e+53	-1.52313435283e+53	-9.52677875115e+53	1.52313435283e+53
5.14e-20	-1.50862289067e+23	-2.85184206732e+24	-9.11524418818e+53	-1.45747418052e+53	-9.11524418818e+53	1.45747418052e+53
5.23e-20	-1.46998479023e+23	-2.7785519583e+24	-8.72818493136e+53	-1.39571320548e+53	-8.72818493136e+53	1.39571320548e+53
5.32e-20	-1.43292643143e+23	-2.70826512136e+24	-8.36298155146e+53	-1.33743401282e+53	-8.36298155146e+53	1.33743401282e+53
###5.41e-20	-4.52563681884e+25	-8.55281874919e+26	-2.72386530207e+61	-4.35647407871e+60	-2.72386530207e+61	4.35647407871e+60
###5.5e-20	-4.25056103893e+29	-8.03227868614e+30	-2.33187005846e+73	-3.72985088853e+72	-2.33187005846e+73	3.72985088853e+72
5.59e-20	-1.33077527571e+23	-2.51455308347e+24	-7.39040945522e+53	-1.18220447827e+53	-7.39040945522e+53	1.18220447827e+53
5.68e-20	-1.29936498702e+23	-2.45499965063e+24	-7.10089071117e+53	-1.13598678215e+53	-7.10089071117e+53	1.13598678215e+53
5.77e-20	-1.26918838718e+23	-2.39779002506e+24	-6.82725823601e+53	-1.0923014898e+53	-6.82725823601e+53	1.0923014898e+53
5.86e-20	-1.24016270489e+23	-2.34276692825e+24	-6.56815139872e+53	-1.05093175516e+53	-6.56815139872e+53	1.05093175516e+53
5.95e-20	-1.2122283063e+23	-2.2898168751e+24	-6.32260830144e+53	-1.01172443388e+53	-6.32260830144e+53	1.01172443388e+53
6.04e-20	-1.18531400652e+23	-2.23880467847e+24	-6.08950535346e+53	-9.74500408562e+52	-6.08950535346e+53	9.74500408562e+52
6.13e-20	-1.15940987492e+23	-2.18971081356e+24	-5.8686769006e+53	-9.39233834029e+52	-5.8686769006e+53	9.39233834029e+52
6.22e-20	-1.13442332855e+23	-2.1423597452e+24	-5.65869619045e+53	-9.05696969845e+52	-5.65869619045e+53	9.05696969845e+52
6.31e-20	-1.11024244231e+23	-2.09653952501e+24	-5.45790218964e+53	-8.73624471091e+52	-5.45790218964e+53	8.73624471091e+52
6.4e-20	-1.08706490209e+23	-2.05262285183e+24	-5.2692009123e+53	-8.43482001502e+52	-5.2692009123e+53	8.43482001502e+52
6.49e-20	-1.0646089669e+23	-2.01007717053e+24	-5.08843687355e+53	-8.14604858912e+52	-5.08843687355e+53	8.14604858912e+52
6.58e-20	-1.0429162166e+23	-1.96898045603e+24	-4.9162310759e+53	-7.87092876293e+52	-4.9162310759e+53	7.87092876293e+52
6.67e-20	-1.0219509984e+23	-1.92926492552e+24	-4.7520723708e+53	-7.60864610358e+52	-4.7520723708e+53	7.60864610358e+52
6.76e-20	-1.0016806384e+23	-1.89086844366e+24	-4.59549820156e+53	-7.35846367542e+52	-4.59549820156e+53	7.35846367542e+52
6.85e-20	-9.81925489568e+22	-1.85345148704e+24	-4.4440565897e+53	-7.11645847069e+52	-4.4440565897e+53	7.11645847069e+52
6.94e-20	-9.63095806989e+22	-1.81778802995e+24	-4.30331299831e+53	-6.89154590644e+52	-4.30331299831e+53	6.89154590644e+52
7.03e-20	-9.44723471972e+22	-1.78299410095e+24	-4.16691038637e+53	-6.67354904859e+52	-4.16691038637e+53	6.67354904859e+52
7.12e-20	-9.26929875151e+22	-1.74929847104e+24	-4.03650086688e+53	-6.4651162115e+52	-4.03650086688e+53	6.4651162115e+52
7.21e-20	-9.09686686426e+22	-1.71664734021e+24	-3.91170977467e+53	-6.26564985774e+52	-3.91170977467e+53	6.26564985774e+52
7.3e-20	-8.92973146723e+22	-1.68500122058e+24	-3.79226567023e+53	-6.07471756838e+52	-3.79226567023e+53	6.07471756838e+52
7.39e-20	-8.76765140165e+22	-1.65431428732e+24	-3.67785711695e+53	-5.89182275415e+52	-3.67785711695e+53	5.89182275415e+52
7.48e-20	-8.61044529554e+22	-1.6245520597e+24	-3.56825231004e+53	-5.71659605406e+52	-3.56825231004e+53	5.71659605406e+52
7.57e-20	-8.45786091072e+22	-1.59566665146e+24	-3.4631338454e+53	-5.54853100264e+52	-3.4631338454e+53	5.54853100264e+52
7.66e-20	-8.30974552456e+22	-1.56762901781e+24	-3.36231184016e+53	-5.38732510549e+52	-3.36231184016e+53	5.38732510549e+52
7.75e-20	-8.16590861075e+22	-1.54040296772e+24	-3.26555179247e+53	-5.232604354e+52	-3.26555179247e+53	5.232604354e+52
7.84e-20	-8.02617958701e+22	-1.51395607492e+24	-3.17264623571e+53	-5.08403796831e+52	-3.17264623571e+53	5.08403796831e+52
7.93e-20	-7.89039655236e+22	-1.48825761424e+24	-3.08340083494e+53	-4.94131592158e+52	-3.08340083494e+53	4.94131592158e+52
8.02e-20	-7.75839829247e+22	-1.46327696971e+24	-2.99762428182e+53	-4.80413304131e+52	-2.99762428182e+53	4.80413304131e+52
8.11e-20	-7.62934891027e+22	-1.43885627147e+24	-2.91435453275e+53	-4.67094884198e+52	-2.91435453275e+53	4.67094884198e+52
###8.2e-20	-7.14077950086e+27	-1.34663940563e+29	-2.44247015451e+68	-3.91486329968e+67	-2.44247015451e+68	3.91486329968e+67
8.29e-20	-7.29339866914e+22	-1.37534510281e+24	-2.65944941672e+53	-4.26288284632e+52	-2.65944941672e+53	4.26288284632e+52
8.38e-20	-7.27850171078e+22	-1.37246105874e+24	-2.70044501043e+53	-4.32883516853e+52	-2.70044501043e+53	4.32883516853e+52
8.47e-20	-7.15053790674e+22	-1.34825900186e+24	-2.61537288319e+53	-4.1926934466e+52	-2.61537288319e+53	4.1926934466e+52
8.56e-20	-7.03830832075e+22	-1.32702694487e+24	-2.54702477109e+53	-4.08334593599e+52	-2.54702477109e+53	4.08334593599e+52
8.65e-20	-6.92912635921e+22	-1.30637250327e+24	-2.48130032872e+53	-3.97819062492e+52	-2.48130032872e+53	3.97819062492e+52
8.74e-20	-6.82273795356e+22	-1.28624761352e+24	-2.41792180314e+53	-3.87678315753e+52	-2.41792180314e+53	3.87678315753e+52
8.83e-20	-6.7190458751e+22	-1.2666338381e+24	-2.35678477441e+53	-3.7789568494e+52	-2.35678477441e+53	3.7789568494e+52
8.92e-20	-6.61795725621e+22	-1.24751353978e+24	-2.29779030956e+53	-3.68455385003e+52	-2.29779030956e+53	3.68455385003e+52
9.01e-20	-6.519381789e+22	-1.22886956352e+24	-2.24084311996e+53	-3.59342212244e+52	-2.24084311996e+53	3.59342212244e+52
9.1e-20	-6.42322521429e+22	-1.21068404133e+24	-2.18584506703e+53	-3.50540493512e+52	-2.18584506703e+53	3.50540493512e+52
9.19e-20	-6.32876353623e+22	-1.19282039734e+24	-2.13206266766e+53	-3.41932663726e+52	-2.13206266766e+53	3.41932663726e+52
9.28e-20	-6.23788346512e+22	-1.17563413427e+24	-2.08140179122e+53	-3.33824438757e+52	-2.08140179122e+53	3.33824438757e+52
9.37e-20	-6.1485292134e+22	-1.15873767359e+24	-2.03178436887e+53	-3.2588260637e+52	-2.03178436887e+53	3.2588260637e+52
9.46e-20	-6.06129121541e+22	-1.14224220602e+24	-1.98380773507e+53	-3.18203018169e+52	-1.98380773507e+53	3.18203018169e+52
9.55e-20	-5.97612915908e+22	-1.12614006203e+24	-1.93743131058e+53	-3.10779212308e+52	-1.93743131058e+53	3.10779212308e+52
9.64e-20	-5.89288634473e+22	-1.11040160345e+24	-1.89250181896e+53	-3.03586657803e+52	-1.89250181896e+53	3.03586657803e+52
9.73e-20	-5.8115895662e+22	-1.09503180403e+24	-1.84904521838e+53	-2.96629562772e+52	-1.84904521838e+53	2.96629562772e+52
9.82e-20	-5.7321494849e+22	-1.08001374076e+24	-1.80697493995e+53	-2.89894087012e+52	-1.80697493995e+53	2.89894087012e+52
9.91e-20	-5.65449535115e+22	-1.06533401808e+24	-1.76622353438e+53	-2.83369448714e+52	-1.76622353438e+53	2.83369448714e+52
1e-19	-5.57859432443e+22	-1.05098637169e+24	-1.72675965029e+53	-2.77050659011e+52	-1.72675965029e+53	2.77050659011e+52
