0.01 0.00975 0.0005 3.5428018698e-10 3.54461529897e-10 3.7526273683e-10  156581.8361935  191610.68012342 -0.0401626  0.  0.37282229
0.01 0.009 0.001 3.5428018698e-10 3.55030149609e-10 3.70337460242e-10  64523.97283316  64724.14854092 -0.00567223  0.  0.37359487
0.01 0.0095 0.0005 3.5428018698e-10 3.54646763349e-10 3.7526273683e-10  175427.48024115  179530.52501538 -0.04182494  0.  0.37247346
0.01 0.01 0.0005 3.5428018698e-10 3.5428018698e-10 3.7526273683e-10  137160.77832081  202029.91368832 -0.0386353  0.  0.3728953
0.01 0.00933333333333 0.001 3.5428018698e-10 3.54771736537e-10 3.70337460242e-10 -88514.04197442  12650.93010604 -0.00534447  0.  0.37456961
0.01 0.01 0.001 3.5428018698e-10 3.5428018698e-10 3.70337460242e-10  35810.37872955  78285.60978216 -0.00479642  0.  0.37511562
0.01 0.0085 0.0015 3.5428018698e-10 3.55433007423e-10 3.67501508874e-10  36689.60337357  36563.09731821 -0.00186149  0.  0.37542997
0.01 0.00966666666667 0.001 3.5428018698e-10 3.54521899928e-10 3.70337460242e-10  42016.71126428 -76927.30329064 -0.00505369  0.  0.37501163
0.01 0.008875 0.0015 3.5428018698e-10 3.55128928127e-10 3.67501508874e-10  30627.37473971  39951.94202112 -0.00172825  0.  0.37719034
0.01 0.00925 0.0015 3.5428018698e-10 3.54836195513e-10 3.67501508874e-10  24421.71323926  42557.5737518 -0.0016128  0.  0.37820608
0.01 0.009625 0.0015 3.5428018698e-10 3.54553641369e-10 3.67501508874e-10  18137.36798912  44388.02945985 -0.00151269  0.  0.37868853
0.01 0.01 0.0015 3.5428018698e-10 3.5428018698e-10 3.67501508874e-10  11841.43630712  45453.37681309 -0.0014253  0.  0.37867785
0.01 0.008 0.002 3.5428018698e-10 3.55858329478e-10 3.65496982811e-10  25113.04044347  24947.21725652 -0.00088667  0.  0.37780558
0.01 0.0084 0.002 3.5428018698e-10 3.5551542192e-10 3.65496982811e-10 -32685.00869841 -9957.8538731 -0.00081153  0.  0.38039583
0.01 0.0088 0.002 3.5428018698e-10 3.55187575685e-10 3.65496982811e-10  32506.15335237 -6273.04351484 -0.00074781  0.  0.38210049
0.01 0.0092 0.002 3.5428018698e-10 3.54873536813e-10 3.65496982811e-10 -25086.76239901  20162.89827456 -0.00069361  0.  0.38314803
0.01 0.0096 0.002 3.5428018698e-10 3.54571677628e-10 3.65496982811e-10  12435.64477658 -28816.27575446 -0.00064703  0.  0.38353229
0.01 0.01 0.002 3.5428018698e-10 3.5428018698e-10 3.65496982811e-10  2421.5305696  30592.49385165 -0.00060683  0.  0.38339603
0.01 0.0075 0.0025 3.5428018698e-10 3.56309552466e-10 3.63944590895e-10  19136.50838908  18975.74684779 -0.00052305  0.  0.38050222
0.01 0.00791666666667 0.0025 3.5428018698e-10 3.55931383397e-10 3.63944590895e-10  10184.00760418 -23725.58105551 -0.00047159  0.  0.38399716
0.01 0.00833333333333 0.0025 3.5428018698e-10 3.55570908987e-10 3.63944590895e-10 -24841.58240449 -738.92176076 -0.00042886  0.  0.38651534
0.01 0.00875 0.0025 3.5428018698e-10 3.55228966469e-10 3.63944590895e-10  8146.89797654  22599.33677494 -0.00039313  0.  0.38823671
0.01 0.00916666666667 0.0025 3.5428018698e-10 3.54899442503e-10 3.63944590895e-10  17496.35835565 -15399.10369564 -0.00036291  0.  0.38915693
0.01 0.00958333333333 0.0025 3.5428018698e-10 3.54583876757e-10 3.63944590895e-10 -20195.0512923 -10342.91684192 -0.00033721  0.  0.38942573
0.01 0.01 0.0025 3.5428018698e-10 3.5428018698e-10 3.63944590895e-10 -2157.85257412  22048.32628327 -0.00031514  0.  0.3890863
0.01 0.007 0.003 3.5428018698e-10 3.56790705312e-10 3.62677273286e-10  15689.76530539  15540.50959939 -0.00035653  0.  0.38326192
0.01 0.00742857142857 0.003 3.5428018698e-10 3.56375189976e-10 3.62677273286e-10  20965.57486865  736.67810243 -0.00031623  0.  0.38776615
0.01 0.00785714285714 0.003 3.5428018698e-10 3.55983786079e-10 3.62677273286e-10  15195.89827252 -13071.14744286 -0.00028339  0.  0.39110708
0.01 0.00828571428571 0.003 3.5428018698e-10 3.55612448996e-10 3.62677273286e-10  2207.42906869 -19122.32290494 -0.00025644  0.  0.39358382
0.01 0.00871428571429 0.003 3.5428018698e-10 3.55257389364e-10 3.62677273286e-10 -10948.71920863 -14998.42623036 -0.00023407  0.  0.39521411
0.01 0.00957142857143 0.003 3.5428018698e-10 3.54592632891e-10 3.62677273286e-10 -14896.94737832  9149.99072184 -0.00019938  0.  0.39613454
0.01 0.00914285714286 0.003 3.5428018698e-10 3.54917589286e-10 3.62677273286e-10 -17645.83959767 -3479.97515379 -0.00021529  0.  0.39604318
0.01 0.01 0.003 3.5428018698e-10 3.5428018698e-10 3.62677273286e-10 -4620.27235924  16409.78236377 -0.00018578  0.  0.39556172
0.01 0.0065 0.0035 3.5428018698e-10 3.57306608621e-10 3.61606342231e-10  13600.98141181  13461.9526108 -0.000271  0.  0.38580598
0.01 0.0069375 0.0035 3.5428018698e-10 3.56853183652e-10 3.61606342231e-10  10683.59188116  14491.81110159 -0.00023597  0.  0.39133817
0.01 0.007375 0.0035 3.5428018698e-10 3.56426861778e-10 3.61606342231e-10  7876.65797025  15129.73655694 -0.00020805  0.  0.39563457
0.01 0.0078125 0.0035 3.5428018698e-10 3.56024301149e-10 3.61606342231e-10  5187.51078049  15409.59659415 -0.00018557  0.  0.39898667
0.01 0.00825 0.0035 3.5428018698e-10 3.55642657567e-10 3.61606342231e-10  2627.91501015  15359.35618029 -0.00016723  0.  0.40139555
0.01 0.0086875 0.0035 3.5428018698e-10 3.55279472339e-10 3.61606342231e-10  212.91190277  15003.8388308 -0.00015208  0.  0.4028988
0.01 0.009125 0.0035 3.5428018698e-10 3.54932586462e-10 3.61606342231e-10 -2040.21269898  14366.66846274 -0.00013942  0.  0.40355533
0.01 0.0095625 0.0035 3.5428018698e-10 3.54600073633e-10 3.61606342231e-10 -4112.88046084  13471.63093021 -0.00012874  0.  0.40343854
0.01 0.01 0.0035 3.5428018698e-10 3.5428018698e-10 3.61606342231e-10 -5986.11620252  12343.60488784 -0.00011965  0.  0.40263063
0.01 0.006 0.004 3.5428018698e-10 3.5786315033e-10 3.60678978133e-10  12345.73153265  12214.08249242 -0.00022519  0.  0.38786255
0.01 0.00644444444444 0.004 3.5428018698e-10 3.5736758422e-10 3.60678978133e-10 -1051.02537276  16123.7251053 -0.00019197  0.  0.39436888
0.01 0.00688888888889 0.004 3.5428018698e-10 3.56902436749e-10 3.60678978133e-10 -12069.95199708  9172.64728125 -0.00016613  0.  0.39961349
0.01 0.00733333333333 0.004 3.5428018698e-10 3.56465260228e-10 3.60678978133e-10 -14024.75629428 -2931.04195569 -0.00014578  0.  0.40389381
0.01 0.00822222222222 0.004 3.5428018698e-10 3.55666463789e-10 3.60678978133e-10  4433.02736877 -12259.69858057 -0.00011627  0.  0.40952784
0.01 0.00777777777778 0.004 3.5428018698e-10 3.56054931464e-10 3.60678978133e-10 -6640.00841901 -11901.44396417 -0.00012949  0.  0.40719499
0.01 0.00866666666667 0.004 3.5428018698e-10 3.55295656041e-10 3.60678978133e-10  11693.73344882 -4508.27656942 -0.00010539  0.  0.41092118
0.01 0.00911111111111 0.004 3.5428018698e-10 3.54942181051e-10 3.60678978133e-10  10689.66455148  5672.72744746  -9.63367310e-05  0.  0.4114287
0.01 0.00955555555556 0.004 3.5428018698e-10 3.54604923886e-10 3.60678978133e-10  2641.00006552  11430.17965035  -8.87249915e-05  0.  0.41112525
0.01 0.01 0.004 3.5428018698e-10 3.5428018698e-10 3.60678978133e-10 -6711.92588382  9229.71628699  -8.22648675e-05  0.  0.41009688
0.01 0.0055 0.0045 3.5428018698e-10 3.58467677967e-10 3.59861139201e-10  11670.51808589  11543.23305975 -0.00020228  0.  0.38920087
0.01 0.00595 0.0045 3.5428018698e-10 3.57923176739e-10 3.59861139201e-10 -8826.34693094  12222.54459831 -0.00016826  0.  0.39656927
0.01 0.0064 0.0045 3.5428018698e-10 3.57413683701e-10 3.59861139201e-10 -12464.3427097 -6346.53353501 -0.00014253  0.  0.40272327
0.01 0.0073 0.0045 3.5428018698e-10 3.56497206986e-10 3.59861139201e-10  12182.46752975  1991.63111141 -0.00010729  0.  0.41232538
0.01 0.00685 0.0045 3.5428018698e-10 3.56942509697e-10 3.59861139201e-10  4074.27352517 -12440.03902315 -0.00012277  0.  0.40800344
0.01 0.0082 0.0045 3.5428018698e-10 3.55684534009e-10 3.59861139201e-10 -11069.02358805  1637.29779459  -8.49669316e-05  0.  0.41783653
0.01 0.00775 0.0045 3.5428018698e-10 3.56080467466e-10 3.59861139201e-10 -89.07543366  11718.01762487  -9.49549954e-05  0.  0.41560464
0.01 0.00865 0.0045 3.5428018698e-10 3.55309281265e-10 3.59861139201e-10 -3187.22707982 -10255.92410197  -7.67804068e-05  0.  0.41909533
0.01 0.0091 0.0045 3.5428018698e-10 3.54951626748e-10 3.59861139201e-10  9298.30750447 -4558.00898246  -6.99931809e-05  0.  0.41945739
0.01 0.00955 0.0045 3.5428018698e-10 3.54608477276e-10 3.59861139201e-10  5745.29466079  8215.85024741  -6.43037354e-05  0.  0.41898527
0.01 0.01 0.0045 3.5428018698e-10 3.5428018698e-10 3.59861139201e-10 -7028.77277277  6744.30591948  -5.94879341e-05  0.  0.4177618
0.01 0.005 0.005 3.5428018698e-10 3.59129575027e-10 3.59129575027e-10  11457.06168872  11331.21460731 -0.00019529  0.  0.38966532
0.01 0.00545454545455 0.005 3.5428018698e-10 3.5852735169e-10 3.59129575027e-10 -12884.21136743  6820.42333637 -0.00015783  0.  0.39772397
0.01 0.00590909090909 0.005 3.5428018698e-10 3.57969916284e-10 3.59129575027e-10 -2426.43477353 -13127.57151676 -0.00013043  0.  0.40472216
0.01 0.00636363636364 0.005 3.5428018698e-10 3.57453874357e-10 3.59129575027e-10  12262.41555668  1495.1040285 -0.00010999  0.  0.41100361
0.01 0.00727272727273 0.005 3.5428018698e-10 3.56523157656e-10 3.59129575027e-10 -8091.42814414 -7234.77434387  -8.21168498e-05  0.  0.42055831
0.01 0.00681818181818 0.005 3.5428018698e-10 3.56974907824e-10 3.59129575027e-10 -4760.46308745  10506.05835885  -9.43384101e-05  0.  0.41631608
0.01 0.00818181818182 0.005 3.5428018698e-10 3.55700116772e-10 3.59129575027e-10  2263.50923435  9538.55868173  -6.46051557e-05  0.  0.42599922
0.01 0.00772727272727 0.005 3.5428018698e-10 3.56101150864e-10 3.59129575027e-10  8836.2794341 -5262.11839081  -7.24208204e-05  0.  0.42379372
0.01 0.00863636363636 0.005 3.5428018698e-10 3.55320208309e-10 3.59129575027e-10 -9371.02700801 -667.61212644  -5.82145682e-05  0.  0.42717439
0.01 0.00909090909091 0.005 3.5428018698e-10 3.54958954585e-10 3.59129575027e-10  3315.10822115 -8416.28854502  -5.29296595e-05  0.  0.42741561
0.01 0.00954545454545 0.005 3.5428018698e-10 3.54611675445e-10 3.59129575027e-10  6804.36659155  5494.8133163  -4.85119075e-05  0.  0.42680832
0.01 0.01 0.005 3.5428018698e-10 3.5428018698e-10 3.59129575027e-10 -7065.16222166  4703.92226518  -4.47813422e-05  0.  0.42542769
0.01 0.0055 0.0055 3.5428018698e-10 3.58467677967e-10 3.58467677967e-10  5462.31433336  11719.85630617 -0.00012223  0.  0.40683093
0.01 0.006 0.0055 3.5428018698e-10 3.5786315033e-10 3.58467677967e-10  3004.84895804  11353.88647113  -9.92891573e-05  0.  0.41435561
0.01 0.007 0.0055 3.5428018698e-10 3.56790705312e-10 3.58467677967e-10 -963.39561612  9987.55926371  -7.00145552e-05  0.  0.42618269
0.01 0.0065 0.0055 3.5428018698e-10 3.57306608621e-10 3.58467677967e-10  876.85501431  10763.53265674  -8.25536510e-05  0.  0.42085123
0.01 0.0075 0.0055 3.5428018698e-10 3.56309552466e-10 3.58467677967e-10 -2541.91229518  9057.08473801  -6.04015840e-05  0.  0.43027336
0.01 0.008 0.0055 3.5428018698e-10 3.55858329478e-10 3.58467677967e-10 -3874.63884815  7999.25837226  -5.28842164e-05  0.  0.43310209
0.01 0.009 0.0055 3.5428018698e-10 3.55030149609e-10 3.58467677967e-10 -5837.81415777  5602.56239419  -4.20707966e-05  0.  0.43512633
0.01 0.0095 0.0055 3.5428018698e-10 3.54646763349e-10 3.58467677967e-10 -6478.77853191  4313.66277878  -3.81139844e-05  0.  0.43448878
0.01 0.0085 0.0055 3.5428018698e-10 3.55433007423e-10 3.58467677967e-10 -4971.24770573  6839.45572966  -4.69029327e-05  0.  0.43469694
0.01 0.01 0.0055 3.5428018698e-10 3.5428018698e-10 3.58467677967e-10 -6898.42660168  2998.31965736  -3.48347143e-05  0.  0.43290253
0.01 0.006 0.006 3.5428018698e-10 3.5786315033e-10 3.5786315033e-10  865.36238835  10620.01903825  -8.05028633e-05  0.  0.4217801
0.01 0.0065 0.006 3.5428018698e-10 3.57306608621e-10 3.5786315033e-10 -939.24892241  9740.30232625  -6.68091859e-05  0.  0.42819721
0.01 0.007 0.006 3.5428018698e-10 3.56790705312e-10 3.5786315033e-10 -2453.50309374  8743.27621118  -5.65563798e-05  0.  0.43347095
0.01 0.0075 0.006 3.5428018698e-10 3.56309552466e-10 3.5786315033e-10 -3706.57738646  7652.99690822  -4.87016569e-05  0.  0.43752092
0.01 0.009 0.006 3.5428018698e-10 3.55030149609e-10 3.5786315033e-10 -6066.64983723  4039.32987773  -3.37425064e-05  0.  0.44229784
0.01 0.0085 0.006 3.5428018698e-10 3.55433007423e-10 3.5786315033e-10 -5501.25333511  5279.797431  -3.76828488e-05  0.  0.44189213
0.01 0.008 0.006 3.5428018698e-10 3.55858329478e-10 3.5786315033e-10 -4717.97134025  6491.42728045  -4.25634727e-05  0.  0.44032063
0.01 0.0095 0.006 3.5428018698e-10 3.54646763349e-10 3.5786315033e-10 -6422.89708802  2791.54895785  -3.05180098e-05  0.  0.44163098
0.01 0.0065 0.0065 3.5428018698e-10 3.57306608621e-10 3.57306608621e-10 -2424.95131071  8641.91333866  -5.53408225e-05  0.  0.434569
0.01 0.01 0.006 3.5428018698e-10 3.5428018698e-10 3.5786315033e-10 -6578.5938307  1558.30446582  -2.78473183e-05  0.  0.44000547
0.01 0.0075 0.0065 3.5428018698e-10 3.56309552466e-10 3.57306608621e-10 -4574.17180523  6293.8061769  -4.01912284e-05  0.  0.44389017
0.01 0.007 0.0065 3.5428018698e-10 3.56790705312e-10 3.57306608621e-10 -3626.18121744  7487.33024982  -4.67602345e-05  0.  0.43982841
0.01 0.008 0.0065 3.5428018698e-10 3.55858329478e-10 3.57306608621e-10 -5290.9929946  5078.13236193  -3.50613530e-05  0.  0.44672106
0.01 0.0085 0.0065 3.5428018698e-10 3.55433007423e-10 3.57306608621e-10 -5793.16632541  3857.26660442  -3.09852465e-05  0.  0.44833539
0.01 0.009 0.0065 3.5428018698e-10 3.55030149609e-10 3.57306608621e-10 -6094.12020424  2648.57619746  -2.76966262e-05  0.  0.44878779
0.01 0.0095 0.0065 3.5428018698e-10 3.54646763349e-10 3.57306608621e-10 -6205.90539662  1469.82700687  -2.50072071e-05  0.  0.44816422
0.01 0.01 0.0065 3.5428018698e-10 3.5428018698e-10 3.57306608621e-10 -6140.41063332  338.99799755  -2.27811062e-05  0.  0.44657254
0.01 0.007 0.007 3.5428018698e-10 3.56790705312e-10 3.56790705312e-10 -4527.52520081  6229.69669812  -3.94359579e-05  0.  0.44511442
0.01 0.0075 0.007 3.5428018698e-10 3.56309552466e-10 3.56790705312e-10 -5189.80904581  4981.07851292  -3.38326806e-05  0.  0.44923819
0.01 0.008 0.007 3.5428018698e-10 3.55858329478e-10 3.56790705312e-10 -5636.76890212  3753.14336339  -2.94600091e-05  0.  0.45215872
0.01 0.0085 0.007 3.5428018698e-10 3.55433007423e-10 3.56790705312e-10 -5887.01586813  2558.50961474  -2.59879471e-05  0.  0.4538812
0.01 0.009 0.007 3.5428018698e-10 3.55030149609e-10 3.56790705312e-10 -5956.3170382  1410.57304718  -2.31885588e-05  0.  0.45445075
0.01 0.0095 0.007 3.5428018698e-10 3.54646763349e-10 3.56790705312e-10 -5859.15447278  323.22602238  -2.09007388e-05  0.  0.45394434
0.01 0.01 0.007 3.5428018698e-10 3.5428018698e-10 3.56790705312e-10 -5609.79712171 -689.49784368  -1.90082668e-05  0.  0.45246193
0.01 0.0075 0.0075 3.5428018698e-10 3.56309552466e-10 3.56309552466e-10 -5585.85742133  3719.24754231  -2.89716050e-05  0.  0.45346848
0.01 0.00791666666667 0.0075 3.5428018698e-10 3.55931383397e-10 3.56309552466e-10  5231.10971349  3637.84531935  -2.57517539e-05  0.  0.45610315
0.01 0.00833333333333 0.0075 3.5428018698e-10 3.55570908987e-10 3.56309552466e-10  1397.33472208 -5916.45469589  -2.31018657e-05  0.  0.45791727
0.01 0.00875 0.0075 3.5428018698e-10 3.55228966469e-10 3.56309552466e-10 -5765.47269346  834.84075898  -2.08977574e-05  0.  0.458938
0.01 0.00958333333333 0.0075 3.5428018698e-10 3.54583876757e-10 3.56309552466e-10  3383.55483785 -4222.7615612  -1.74754101e-05  0.  0.45870507
0.01 0.00916666666667 0.0075 3.5428018698e-10 3.54899442503e-10 3.56309552466e-10  2782.54693235  4865.03024732  -1.90456313e-05  0.  0.45918522
0.01 0.008 0.008 3.5428018698e-10 3.55858329478e-10 3.55858329478e-10 -5765.87623407  1365.36133552  -2.18459319e-05  0.  0.45978175
0.01 0.01 0.0075 3.5428018698e-10 3.5428018698e-10 3.56309552466e-10 -5007.48470431 -1547.62375511  -1.61334483e-05  0.  0.4575584
0.01 0.0085 0.008 3.5428018698e-10 3.55433007423e-10 3.55858329478e-10 -5594.19502399  308.37346407  -1.92015683e-05  0.  0.46189345
0.01 0.009 0.008 3.5428018698e-10 3.55030149609e-10 3.55858329478e-10 -5289.92068178 -650.58757349  -1.70723858e-05  0.  0.46288923
0.01 0.0095 0.008 3.5428018698e-10 3.54646763349e-10 3.55858329478e-10 -4870.02559941 -1505.39407173  -1.53345903e-05  0.  0.46282364
0.01 0.01 0.008 3.5428018698e-10 3.5428018698e-10 3.55858329478e-10 -4351.13620836 -2249.80620241  -1.38989480e-05  0.  0.46177615
0.01 0.0085 0.0085 3.5428018698e-10 3.55433007423e-10 3.55433007423e-10 -5251.57985288 -645.92245526  -1.68471398e-05  0.  0.46426714
0.01 0.009 0.0085 3.5428018698e-10 3.55030149609e-10 3.55433007423e-10 -4803.07886602 -1484.82459739  -1.49526638e-05  0.  0.46555397
0.01 0.0095 0.0085 3.5428018698e-10 3.54646763349e-10 3.55433007423e-10 -4265.83917167 -2205.934522  -1.34074402e-05  0.  0.46579587
0.01 0.01 0.0085 3.5428018698e-10 3.5428018698e-10 3.55433007423e-10 -3656.60013935 -2806.70562023  -1.21317041e-05  0.  0.46506019
0.01 0.009 0.009 3.5428018698e-10 3.55030149609e-10 3.55030149609e-10 -4237.87245509 -2191.54912173  -1.32481569e-05  0.  0.46716811
0.01 0.0095 0.009 3.5428018698e-10 3.54646763349e-10 3.55030149609e-10 -3610.98498377 -2771.8849815  -1.18587765e-05  0.  0.46776054
0.01 0.01 0.009 3.5428018698e-10 3.5428018698e-10 3.55030149609e-10 -2938.64422259 -3226.74436766  -1.07124307e-05  0.  0.46738585
0.01 0.0095 0.0095 3.5428018698e-10 3.54646763349e-10 3.54646763349e-10 -2921.10574258 -3207.61041284  -1.05972266e-05  0.  0.46873367
0.01 0.01 0.0095 3.5428018698e-10 3.5428018698e-10 3.54646763349e-10 -2211.36015367 -3517.17910823  -9.55700013e-06  0.  0.46875674
0.01 0.01 0.01 3.5428018698e-10 3.5428018698e-10 3.5428018698e-10 -1488.3516361 -3684.8698033  -8.60485904e-06  0.  0.46920138
