0.05 0.04875 0.0025 1.4825975426e-10 1.50980796559e-10 1.88846157316e-10 -4166.00476288  11283.11951416  -9.81650861e-07  0.  0.66990101
0.05 0.0475 0.0025 1.4825975426e-10 1.53439921487e-10 1.88846157316e-10 -1896.65650634 -12149.17629147  -1.03828355e-06  0.  0.67375067
0.05 0.05 0.0025 1.4825975426e-10 1.4825975426e-10 1.88846157316e-10  8911.83557059 -7680.32819153  -9.28034584e-07  0.  0.6645719
0.05 0.045 0.005 1.4825975426e-10 1.57641891109e-10 1.83682402902e-10 -498.0415102 -4475.09169598  -1.42374748e-07  0.  0.68187694
0.05 0.0466666666667 0.005 1.4825975426e-10 1.54942290062e-10 1.83682402902e-10  2369.8862434 -3670.32036395  -1.31959908e-07  0.  0.67989752
0.05 0.0483333333333 0.005 1.4825975426e-10 1.51828775914e-10 1.83682402902e-10  4029.04423701 -1324.6133311  -1.22409335e-07  0.  0.67554359
0.05 0.05 0.005 1.4825975426e-10 1.4825975426e-10 1.83682402902e-10  3857.39972565  1440.38603365  -1.13555630e-07  0.  0.66859503
0.05 0.0425 0.0075 1.4825975426e-10 1.61009209651e-10 1.80727386251e-10 -192.25202072 -2559.43138255  -4.72461936e-08  0.  0.68842072
0.05 0.044375 0.0075 1.4825975426e-10 1.58556205109e-10 1.80727386251e-10 -1892.63610886 -1597.08757154  -4.32327652e-08  0.  0.68939025
0.05 0.04625 0.0075 1.4825975426e-10 1.55654328764e-10 1.80727386251e-10 -2380.91331341  235.92598441  -3.96557726e-08  0.  0.68768928
0.05 0.05 0.0075 1.4825975426e-10 1.4825975426e-10 1.80727386251e-10  321.19622172  2213.85720111  -3.34591425e-08  0.  0.67508908
0.05 0.048125 0.0075 1.4825975426e-10 1.52242119126e-10 1.80727386251e-10 -1431.04494214  1817.5316256  -3.64222400e-08  0.  0.68302244
0.05 0.04 0.01 1.4825975426e-10 1.63685829201e-10 1.78658382903e-10 -81.85430242 -1760.25364001  -2.27061074e-08  0.  0.69388429
0.05 0.042 0.01 1.4825975426e-10 1.61595280677e-10 1.78658382903e-10 -765.43023642 -1507.67497693  -2.05361421e-08  0.  0.69789952
0.05 0.044 0.01 1.4825975426e-10 1.59080811563e-10 1.78658382903e-10 -1271.55651538 -1013.79139309  -1.86544221e-08  0.  0.69923099
0.05 0.046 0.01 1.4825975426e-10 1.56069440062e-10 1.78658382903e-10 -1521.81087697 -372.18648167  -1.69959930e-08  0.  0.69754969
0.05 0.048 0.01 1.4825975426e-10 1.52486685022e-10 1.78658382903e-10 -1480.79315866  299.21026209  -1.55110067e-08  0.  0.69251546
0.05 0.05 0.01 1.4825975426e-10 1.4825975426e-10 1.78658382903e-10 -1164.05460014  876.51716453  -1.41605840e-08  0.  0.68376333
0.05 0.0375 0.0125 1.4825975426e-10 1.65807917286e-10 1.77067087816e-10 -32.66856499 -1345.83819433  -1.34835009e-08  0.  0.69855811
0.05 0.0395833333333 0.0125 1.4825975426e-10 1.64074515765e-10 1.77067087816e-10 -963.4033176  848.33224159  -1.20424068e-08  0.  0.70543256
0.05 0.0416666666667 0.0125 1.4825975426e-10 1.61971209148e-10 1.77067087816e-10  1215.07243841  179.7966386  -1.08258454e-08  0.  0.70974789
0.05 0.04375 0.0125 1.4825975426e-10 1.59420788484e-10 1.77067087816e-10 -625.90980345 -998.52719267  -9.78065973e-09  0.  0.71116317
0.05 0.0458333333333 0.0125 1.4825975426e-10 1.56341160017e-10 1.77067087816e-10 -333.05486426  1082.76273132  -8.86705705e-09  0.  0.70932563
0.05 0.0479166666667 0.0125 1.4825975426e-10 1.52648271246e-10 1.77067087816e-10  995.18621911 -445.03539575  -8.05465467e-09  0.  0.70385022
0.05 0.05 0.0125 1.4825975426e-10 1.4825975426e-10 1.77067087816e-10 -956.5146019 -431.7724974  -7.32007011e-09  0.  0.69432533
0.05 0.035 0.015 1.4825975426e-10 1.6749875315e-10 1.75770334538e-10 -8.22106129 -1105.84043486  -9.23410980e-09  0.  0.70255338
0.05 0.0371428571429 0.015 1.4825975426e-10 1.66073163996e-10 1.75770334538e-10 -451.62438902  944.22274077  -8.12873808e-09  0.  0.71201244
0.05 0.0392857142857 0.015 1.4825975426e-10 1.64343127123e-10 1.75770334538e-10  777.22983869 -621.84927985  -7.22013356e-09  0.  0.71911063
0.05 0.0414285714286 0.015 1.4825975426e-10 1.62232759212e-10 1.75770334538e-10 -925.37384108  215.9841591  -6.45919424e-09  0.  0.72350147
0.05 0.0435714285714 0.015 1.4825975426e-10 1.59658895754e-10 1.75770334538e-10  889.64366298  190.64281712  -5.81019408e-09  0.  0.72483449
0.05 0.0457142857143 0.015 1.4825975426e-10 1.56532807806e-10 1.75770334538e-10 -697.29066039 -525.24927262  -5.24650529e-09  0.  0.72272577
0.05 0.0478571428571 0.015 1.4825975426e-10 1.52763060785e-10 1.75770334538e-10  400.2322444  737.00624759  -4.74800054e-09  0.  0.71675645
0.05 0.05 0.015 1.4825975426e-10 1.4825975426e-10 1.75770334538e-10 -62.41851992 -803.60084308  -4.29931562e-09  0.  0.70647595
0.05 0.0325 0.0175 1.4825975426e-10 1.68867120416e-10 1.74666349354e-10  4.63401873 -959.90053143  -7.04099001e-09  0.  0.70584869
0.05 0.0346875 0.0175 1.4825975426e-10 1.67685336316e-10 1.74666349354e-10  129.43078777 -891.16416572  -6.09378401e-09  0.  0.71757988
0.05 0.036875 0.0175 1.4825975426e-10 1.66266471031e-10 1.74666349354e-10  235.29560005 -816.82781003  -5.33599141e-09  0.  0.72719996
0.05 0.0390625 0.0175 1.4825975426e-10 1.64539638828e-10 1.74666349354e-10  323.64260787 -738.72874127  -4.71747664e-09  0.  0.73435434
0.05 0.04125 0.0175 1.4825975426e-10 1.62425083412e-10 1.74666349354e-10  395.63743784 -658.68588584  -4.20286386e-09  0.  0.73869548
0.05 0.0434375 0.0175 1.4825975426e-10 1.59834988482e-10 1.74666349354e-10  452.34802012 -578.50666327  -3.76651282e-09  0.  0.73984871
0.05 0.045625 0.0175 1.4825975426e-10 1.56675295422e-10 1.74666349354e-10  494.84658905 -499.96749558  -3.38948836e-09  0.  0.7374055
0.05 0.0478125 0.0175 1.4825975426e-10 1.52848795133e-10 1.74666349354e-10  524.27138313 -424.77672534  -3.05758632e-09  0.  0.73091873
0.05 0.05 0.0175 1.4825975426e-10 1.4825975426e-10 1.74666349354e-10  541.85322251 -354.52727722  -2.76003800e-09  0.  0.71990569
0.05 0.03 0.02 1.4825975426e-10 1.70006598718e-10 1.7368826208e-10  11.45727056 -871.97714416  -5.86227132e-09  0.  0.70834168
0.05 0.0322222222222 0.02 1.4825975426e-10 1.69003469407e-10 1.7368826208e-10  661.09933374 -467.19612673  -4.97292463e-09  0.  0.72200043
0.05 0.0344444444444 0.02 1.4825975426e-10 1.67827165324e-10 1.7368826208e-10  717.80683822  241.5574073  -4.28131080e-09  0.  0.73384531
0.05 0.0366666666667 0.02 1.4825975426e-10 1.66413769602e-10 1.7368826208e-10  217.2683605  679.3087176  -3.73154288e-09  0.  0.74350639
0.05 0.0388888888889 0.02 1.4825975426e-10 1.64689784724e-10 1.7368826208e-10 -394.12223706  548.31274058  -3.28548932e-09  0.  0.75063245
0.05 0.0411111111111 0.02 1.4825975426e-10 1.62572514592e-10 1.7368826208e-10 -642.00106201  12.42439988  -2.91636049e-09  0.  0.75485647
0.05 0.0433333333333 0.02 1.4825975426e-10 1.59970533005e-10 1.7368826208e-10 -379.15174826 -481.24663904  -2.60489800e-09  0.  0.75578546
0.05 0.0455555555556 0.02 1.4825975426e-10 1.56785375187e-10 1.7368826208e-10  144.58119929 -567.84380403  -2.33697149e-09  0.  0.75298896
0.05 0.0477777777778 0.02 1.4825975426e-10 1.52915216704e-10 1.7368826208e-10  514.2594154 -224.79365041  -2.10204959e-09  0.  0.74599484
0.05 0.05 0.02 1.4825975426e-10 1.4825975426e-10 1.7368826208e-10  474.80920803  252.65596812  -1.89219578e-09  0.  0.73429262
0.05 0.0275 0.0225 1.4825975426e-10 1.70996140464e-10 1.72783261106e-10  14.79958778 -824.60408992  -5.27158599e-09  0.  0.70990513
0.05 0.02975 0.0225 1.4825975426e-10 1.7011109175e-10 1.72783261106e-10  256.59232585 -711.22504575  -4.36695119e-09  0.  0.72510344
0.05 0.032 0.0225 1.4825975426e-10 1.69110668159e-10 1.72783261106e-10  435.9486998 -547.55063749  -3.68471711e-09  0.  0.7388345
0.05 0.03425 0.0225 1.4825975426e-10 1.67938630648e-10 1.72783261106e-10  548.19305025 -355.14900932  -3.15735041e-09  0.  0.75070635
0.05 0.0365 0.0225 1.4825975426e-10 1.66529562415e-10 1.72783261106e-10  593.96939825 -154.55775254  -2.74046897e-09  0.  0.76035607
0.05 0.03875 0.0225 1.4825975426e-10 1.64808152521e-10 1.72783261106e-10  578.84367212  35.84487668  -2.40392676e-09  0.  0.7674157
0.05 0.041 0.0225 1.4825975426e-10 1.62689109876e-10 1.72783261106e-10  512.53091252  200.93502903  -2.12669709e-09  0.  0.77150273
0.05 0.04325 0.0225 1.4825975426e-10 1.60077939361e-10 1.72783261106e-10  407.77749731  329.72538112  -1.89376032e-09  0.  0.77220695
0.05 0.0455 0.0225 1.4825975426e-10 1.56872868704e-10 1.72783261106e-10  278.99312225  415.8910578  -1.69416309e-09  0.  0.76907892
0.05 0.04775 0.0225 1.4825975426e-10 1.52968249856e-10 1.72783261106e-10  140.77666747  457.84901858  -1.51978111e-09  0.  0.76162337
0.05 0.05 0.0225 1.4825975426e-10 1.4825975426e-10 1.72783261106e-10  6.50660104  458.36720771  -1.36451769e-09  0.  0.74930175
0.05 0.025 0.025 1.4825975426e-10 1.71902659924e-10 1.71902659924e-10  15.80380863 -809.6155746  -5.09117090e-09  0.  0.71043882
0.05 0.0272727272727 0.025 1.4825975426e-10 1.71081116574e-10 1.71902659924e-10 -704.22997196 -197.67863394  -4.10008886e-09  0.  0.72673446
0.05 0.0295454545455 0.025 1.4825975426e-10 1.70195477665e-10 1.71902659924e-10 -335.76363858  578.18819404  -3.37792692e-09  0.  0.74195887
0.05 0.0318181818182 0.025 1.4825975426e-10 1.69197063356e-10 1.71902659924e-10  440.39856412  432.58718023  -2.83646925e-09  0.  0.75569627
0.05 0.0340909090909 0.025 1.4825975426e-10 1.68028418072e-10 1.71902659924e-10  491.0172183 -298.79690908  -2.42013738e-09  0.  0.76756436
0.05 0.0363636363636 0.025 1.4825975426e-10 1.66623006954e-10 1.71902659924e-10 -160.42467023 -514.53947921  -2.09258833e-09  0.  0.77718544
0.05 0.0386363636364 0.025 1.4825975426e-10 1.64903899618e-10 1.71902659924e-10 -507.36970927  31.35454016  -1.82930538e-09  0.  0.78417873
0.05 0.0409090909091 0.025 1.4825975426e-10 1.6278359082e-10 1.71902659924e-10 -83.44689931  474.42632014  -1.61328682e-09  0.  0.78814731
0.05 0.0431818181818 0.025 1.4825975426e-10 1.60165340676e-10 1.71902659924e-10  421.18969276  180.26851944  -1.43245776e-09  0.  0.7886657
0.05 0.0454545454545 0.025 1.4825975426e-10 1.56944189088e-10 1.71902659924e-10  256.76483672 -353.46796565  -1.27804854e-09  0.  0.7852643
0.05 0.0477272727273 0.025 1.4825975426e-10 1.53011578245e-10 1.71902659924e-10 -277.10568398 -311.99841387  -1.14358980e-09  0.  0.77742626
0.05 0.05 0.025 1.4825975426e-10 1.4825975426e-10 1.71902659924e-10 -346.3915915  197.66417065  -1.02424126e-09  0.  0.76458523
0.05 0.0275 0.0275 1.4825975426e-10 1.70996140464e-10 1.70996140464e-10  542.19490062  354.03563225  -3.16463597e-09  0.  0.74591841
0.05 0.03 0.0275 1.4825975426e-10 1.70006598718e-10 1.70996140464e-10 -41.31437526  585.5123166  -2.56103656e-09  0.  0.76216462
0.05 0.0325 0.0275 1.4825975426e-10 1.68867120416e-10 1.70996140464e-10 -486.98225959  229.42085277  -2.11921718e-09  0.  0.77653065
0.05 0.035 0.0275 1.4825975426e-10 1.6749875315e-10 1.70996140464e-10 -406.7573674 -288.18427375  -1.78606289e-09  0.  0.78850825
0.05 0.0375 0.0275 1.4825975426e-10 1.65807917286e-10 1.70996140464e-10  45.54093607 -463.0695764  -1.52797499e-09  0.  0.79759245
0.05 0.04 0.0275 1.4825975426e-10 1.63685829201e-10 1.70996140464e-10  398.11615668 -180.43782749  -1.32291987e-09  0.  0.80326408
0.05 0.0425 0.0275 1.4825975426e-10 1.61009209651e-10 1.70996140464e-10  336.93058237  238.2174779  -1.15598709e-09  0.  0.80496876
0.05 0.045 0.0275 1.4825975426e-10 1.57641891109e-10 1.70996140464e-10 -30.50495919  389.75295707  -1.01680131e-09  0.  0.80209338
0.05 0.0475 0.0275 1.4825975426e-10 1.53439921487e-10 1.70996140464e-10 -331.30450511  167.47105312  -8.97979359e-10  0.  0.79395122
0.05 0.05 0.0275 1.4825975426e-10 1.4825975426e-10 1.70996140464e-10 -301.46791223 -183.30803106  -7.94182920e-10  0.  0.77978256
0.05 0.03 0.03 1.4825975426e-10 1.70006598718e-10 1.70006598718e-10 -481.35209146  225.18381002  -2.06868285e-09  0.  0.77815945
0.05 0.0325 0.03 1.4825975426e-10 1.68867120416e-10 1.70006598718e-10 -395.46999642 -283.83368822  -1.70858485e-09  0.  0.79230336
0.05 0.035 0.03 1.4825975426e-10 1.6749875315e-10 1.70006598718e-10  48.70414428 -447.5876525  -1.43728927e-09  0.  0.80408947
0.05 0.0375 0.03 1.4825975426e-10 1.65807917286e-10 1.70006598718e-10  384.95540742 -167.30613808  -1.22732357e-09  0.  0.81301099
0.05 0.04 0.03 1.4825975426e-10 1.63685829201e-10 1.70006598718e-10  316.53254019  234.32022671  -1.06068269e-09  0.  0.81854362
0.05 0.0425 0.03 1.4825975426e-10 1.61009209651e-10 1.70006598718e-10 -39.81000331  369.21186845  -9.25191243e-10  0.  0.8201245
0.05 0.045 0.03 1.4825975426e-10 1.57641891109e-10 1.70006598718e-10 -319.44912815  146.46973022  -8.12384557e-10  0.  0.8171286
0.05 0.0475 0.03 1.4825975426e-10 1.53439921487e-10 1.70006598718e-10 -276.09403276 -186.76671822  -7.16245098e-10  0.  0.80885349
0.05 0.05 0.03 1.4825975426e-10 1.4825975426e-10 1.70006598718e-10  12.11914063 -316.2340397  -6.32426261e-10  0.  0.79451923
0.05 0.0325 0.0325 1.4825975426e-10 1.68867120416e-10 1.68867120416e-10  49.68756847 -442.56705997  -1.40849937e-09  0.  0.80627553
0.05 0.035 0.0325 1.4825975426e-10 1.6749875315e-10 1.68867120416e-10  378.54783278 -161.08520258  -1.18261403e-09  0.  0.81794264
0.05 0.0375 0.0325 1.4825975426e-10 1.65807917286e-10 1.68867120416e-10  304.92769048  231.85598081  -1.00796093e-09  0.  0.82679633
0.05 0.04 0.0325 1.4825975426e-10 1.63685829201e-10 1.68867120416e-10 -45.30165481  356.10546637  -8.69496357e-10  0.  0.83230687
0.05 0.0425 0.0325 1.4825975426e-10 1.61009209651e-10 1.68867120416e-10 -310.95938303  132.68367975  -7.57054732e-10  0.  0.83390207
0.05 0.045 0.0325 1.4825975426e-10 1.57641891109e-10 1.68867120416e-10 -258.18632792 -188.31812364  -6.63574800e-10  0.  0.83094365
0.05 0.0475 0.0325 1.4825975426e-10 1.53439921487e-10 1.68867120416e-10  25.41471012 -301.69728854  -5.84041618e-10  0.  0.82271157
0.05 0.05 0.0325 1.4825975426e-10 1.4825975426e-10 1.68867120416e-10  255.68048687 -130.65216546  -5.14836316e-10  0.  0.80840297
0.05 0.035 0.035 1.4825975426e-10 1.6749875315e-10 1.6749875315e-10  301.1602264  231.01565714  -9.91076737e-10  0.  0.82956695
0.05 0.0375 0.035 1.4825975426e-10 1.65807917286e-10 1.6749875315e-10 -47.84855661  349.72204598  -8.43122754e-10  0.  0.8384533
0.05 0.04 0.035 1.4825975426e-10 1.63685829201e-10 1.6749875315e-10 -305.86796341  124.86839151  -7.25951558e-10  0.  0.84406676
0.05 0.0425 0.035 1.4825975426e-10 1.61009209651e-10 1.6749875315e-10 -246.76282418 -188.90475907  -6.30919434e-10  0.  0.84582561
0.05 0.045 0.035 1.4825975426e-10 1.57641891109e-10 1.6749875315e-10  33.97304458 -291.42386158  -5.52027319e-10  0.  0.84307767
0.05 0.0475 0.035 1.4825975426e-10 1.53439921487e-10 1.6749875315e-10  252.36116503 -115.76433157  -4.85018697e-10  0.  0.83508398
0.05 0.05 0.035 1.4825975426e-10 1.4825975426e-10 1.6749875315e-10  219.37914016  145.07062629  -4.26824931e-10  0.  0.82101666
0.05 0.0375 0.0375 1.4825975426e-10 1.65807917286e-10 1.65807917286e-10 -304.17230615  122.33664554  -7.15912741e-10  0.  0.84747346
0.05 0.04 0.0375 1.4825975426e-10 1.63685829201e-10 1.65807917286e-10 -241.2019031 -189.07269944  -6.15276823e-10  0.  0.85331774
0.05 0.0425 0.0375 1.4825975426e-10 1.61009209651e-10 1.65807917286e-10  38.75174191 -285.3134377  -5.33755667e-10  0.  0.85539554
0.05 0.045 0.0375 1.4825975426e-10 1.57641891109e-10 1.65807917286e-10  249.83180552 -106.31099002  -4.66176451e-10  0.  0.85304093
0.05 0.0475 0.0375 1.4825975426e-10 1.53439921487e-10 1.65807917286e-10  208.51712681  149.59967399  -4.08872282e-10  0.  0.84549569
0.05 0.05 0.0375 1.4825975426e-10 1.4825975426e-10 1.65807917286e-10 -15.9880264  242.29275043  -3.59202042e-10  0.  0.83190566
0.05 0.04 0.04 1.4825975426e-10 1.63685829201e-10 1.63685829201e-10  40.28705568 -283.28639539  -5.27813507e-10  0.  0.85951854
0.05 0.0425 0.04 1.4825975426e-10 1.61009209651e-10 1.63685829201e-10  248.47952765 -101.72388404  -4.57048178e-10  0.  0.86207135
0.05 0.045 0.04 1.4825975426e-10 1.57641891109e-10 1.63685829201e-10  202.08621777  152.01004301  -3.98467530e-10  0.  0.8602978
0.05 0.0475 0.04 1.4825975426e-10 1.53439921487e-10 1.63685829201e-10 -23.54186996  237.56966844  -3.48875015e-10  0.  0.85342114
0.05 0.05 0.04 1.4825975426e-10 1.4825975426e-10 1.63685829201e-10 -202.40249834  99.69480258  -3.05970337e-10  0.  0.84056084
0.05 0.0425 0.0425 1.4825975426e-10 1.61009209651e-10 1.61009209651e-10  199.95795003  152.76390955  -3.95058203e-10  0.  0.86525082
0.05 0.045 0.0425 1.4825975426e-10 1.57641891109e-10 1.61009209651e-10 -27.17888872  235.14421404  -3.43812221e-10  0.  0.86424581
0.05 0.0475 0.0425 1.4825975426e-10 1.53439921487e-10 1.61009209651e-10 -202.78826738  93.2644129  -3.00498373e-10  0.  0.85826326
0.05 0.05 0.0425 1.4825975426e-10 1.4825975426e-10 1.61009209651e-10 -175.86642308 -116.04933189  -2.63094918e-10  0.  0.8463977
0.05 0.045 0.045 1.4825975426e-10 1.57641891109e-10 1.57641891109e-10 -202.87099826  91.14270467  -2.98689901e-10  0.  0.86419119
0.05 0.0475 0.045 1.4825975426e-10 1.53439921487e-10 1.57641891109e-10 -172.59728645 -118.69343054  -2.60611216e-10  0.  0.85932861
0.05 0.05 0.045 1.4825975426e-10 1.4825975426e-10 1.57641891109e-10  9.07602961 -197.30068509  -2.27787761e-10  0.  0.84873101
0.05 0.0475 0.0475 1.4825975426e-10 1.53439921487e-10 1.53439921487e-10  11.08435307 -196.74780339  -2.27001281e-10  0.  0.8558056
0.05 0.05 0.0475 1.4825975426e-10 1.4825975426e-10 1.53439921487e-10  162.85947303 -89.00635678  -1.98080463e-10  0.  0.84675143
