0.01 0.00975 0.0005 7.14638407417e-10 7.15362054585e-10 8.05660531387e-10 -51659.64612275 -437002.28497318 -0.17515062  0.  0.37533961
0.01 0.0095 0.0005 7.14638407417e-10 7.16105692017e-10 8.05660531387e-10 -208368.51896459 -394884.33113175 -0.18248795  0.  0.37506084
0.01 0.01 0.0005 7.14638407417e-10 7.14638407417e-10 8.05660531387e-10  107492.86864284 -420618.9035911 -0.16845622  0.  0.37543526
0.01 0.009 0.001 7.14638407417e-10 7.17657263834e-10 7.83510599697e-10 -76757.21186258 -142053.91530382 -0.02440654  0.  0.37622593
0.01 0.00933333333333 0.001 7.14638407417e-10 7.16614713336e-10 7.83510599697e-10  137141.35316526  78284.08525708 -0.02298083  0.  0.37712735
0.01 0.00966666666667 0.001 7.14638407417e-10 7.15609119158e-10 7.83510599697e-10 -154638.29883141  5880.95732406 -0.02172427  0.  0.37761581
0.01 0.01 0.001 7.14638407417e-10 7.14638407417e-10 7.83510599697e-10  125847.21830413 -85123.89692879 -0.02060969  0.  0.37769631
0.01 0.0085 0.0015 7.14638407417e-10 7.19300803603e-10 7.70967956366e-10 -43606.29267483 -80075.3272358 -0.00794881  0.  0.37810139
0.01 0.008875 0.0015 7.14638407417e-10 7.18059228334e-10 7.70967956366e-10  4704.068258 -88450.78985012 -0.00737214  0.  0.37971086
0.01 0.00925 0.0015 7.14638407417e-10 7.16870441479e-10 7.70967956366e-10  49078.52526192 -70984.09449919 -0.00687716  0.  0.38079842
0.01 0.009625 0.0015 7.14638407417e-10 7.15731300488e-10 7.70967956366e-10  77177.72120375 -33917.13540023 -0.00644788  0.  0.38131785
0.01 0.01 0.0015 7.14638407417e-10 7.14638407417e-10 7.70967956366e-10  81765.45748564  11334.58763065 -0.00607328  0.  0.38132548
0.01 0.008 0.002 7.14638407417e-10 7.2104598552e-10 7.62175838441e-10 -29817.82052013 -54544.23952876 -0.00376703  0.  0.38051613
0.01 0.0084 0.002 7.14638407417e-10 7.1964007022e-10 7.62175838441e-10  30835.76221029  51438.53564631 -0.00344417  0.  0.38301497
0.01 0.0088 0.002 7.14638407417e-10 7.18302131808e-10 7.62175838441e-10 -31818.5225471 -48590.15258873 -0.00317182  0.  0.38475753
0.01 0.0092 0.002 7.14638407417e-10 7.17026007844e-10 7.62175838441e-10  32771.04402048  45952.23833932 -0.00294065  0.  0.3858696
0.01 0.0096 0.002 7.14638407417e-10 7.15806332967e-10 7.62175838441e-10 -33696.57439477 -43486.6939209 -0.00274192  0.  0.38627228
0.01 0.01 0.002 7.14638407417e-10 7.14638407417e-10 7.62175838441e-10  34597.07574857  41162.29883789 -0.0025705  0.  0.38613609
0.01 0.0075 0.0025 7.14638407417e-10 7.22908466553e-10 7.55392561391e-10 -22701.8800469 -41434.95568629 -0.0022141  0.  0.38325193
0.01 0.00791666666667 0.0025 7.14638407417e-10 7.21349439386e-10 7.55392561391e-10 -41458.63817067  18104.63088058 -0.00199382  0.  0.38665544
0.01 0.00833333333333 0.0025 7.14638407417e-10 7.19868553989e-10 7.55392561391e-10  13783.18997077  41283.30135643 -0.00181205  0.  0.38926992
0.01 0.00875 0.0025 7.14638407417e-10 7.18467048731e-10 7.55392561391e-10  40916.14954772 -9698.04638641 -0.00165993  0.  0.3910062
0.01 0.00916666666667 0.0025 7.14638407417e-10 7.17129686788e-10 7.55392561391e-10 -5820.28039538 -40361.46857451 -0.00153162  0.  0.39198598
0.01 0.00958333333333 0.0025 7.14638407417e-10 7.15857015828e-10 7.55392561391e-10 -39622.44454857  2129.88753008 -0.00142249  0.  0.39228776
0.01 0.01 0.0025 7.14638407417e-10 7.14638407417e-10 7.55392561391e-10 -1386.747721  38701.2427714 -0.00132879  0.  0.39193996
0.01 0.007 0.003 7.14638407417e-10 7.24907491161e-10 7.49890598773e-10 -18599.69744943 -33901.50616565 -0.00150525  0.  0.38604981
0.01 0.00742857142857 0.003 7.14638407417e-10 7.23187259111e-10 7.49890598773e-10 -25524.6203191 -26386.41773104 -0.00133293  0.  0.39037639
0.01 0.00785714285714 0.003 7.14638407417e-10 7.2156703425e-10 7.49890598773e-10 -30158.0043273 -17873.52368571 -0.0011938  0.  0.39389815
0.01 0.00828571428571 0.003 7.14638407417e-10 7.20035891791e-10 7.49890598773e-10 -32446.84261799 -8910.92243844 -0.00107962  0.  0.39648061
0.01 0.00871428571429 0.003 7.14638407417e-10 7.18584666816e-10 7.49890598773e-10 -32443.38511471 -33.95219548 -0.00098483  0.  0.39817238
0.01 0.00957142857143 0.003 7.14638407417e-10 7.15892095726e-10 7.49890598773e-10 -26284.42840829  15502.78097794 -0.00083798  0.  0.39913113
0.01 0.00914285714286 0.003 7.14638407417e-10 7.17205608301e-10 7.49890598773e-10 -30304.2582467  8254.1535635 -0.00090531  0.  0.39903209
0.01 0.01 0.003 7.14638407417e-10 7.14638407417e-10 7.49890598773e-10 -20725.80259568  21333.90022874 -0.00078047  0.  0.39854918
0.01 0.0065 0.0035 7.14638407417e-10 7.27061559954e-10 7.45283377636e-10 -16114.87599683 -29347.21465822 -0.00114201  0.  0.38862791
0.01 0.0069375 0.0035 7.14638407417e-10 7.25167897494e-10 7.45283377636e-10  4441.21431424 -31163.38743398 -0.00099244  0.  0.39392864
0.01 0.007375 0.0035 7.14638407417e-10 7.23394675335e-10 7.45283377636e-10  21072.41670674 -21076.77265718 -0.00087438  0.  0.39842619
0.01 0.0078125 0.0035 7.14638407417e-10 7.2172965314e-10 7.45283377636e-10  28108.26330829 -4011.45990068 -0.00077939  0.  0.40192624
0.01 0.00825 0.0035 7.14638407417e-10 7.20159858193e-10 7.45283377636e-10  23840.8610238  13086.1053201 -0.0007019  0.  0.40444376
0.01 0.009125 0.0035 7.14638407417e-10 7.17261038164e-10 7.45283377636e-10 -5489.53290352  24697.20583019 -0.00058448  0.  0.40670668
0.01 0.0086875 0.0035 7.14638407417e-10 7.18673195203e-10 7.45283377636e-10  10793.63956381  23846.06750996 -0.00063791  0.  0.40601632
0.01 0.0095625 0.0035 7.14638407417e-10 7.15917844334e-10 7.45283377636e-10 -18642.42534469  15968.96939118 -0.00053942  0.  0.40659566
0.01 0.01 0.0035 7.14638407417e-10 7.14638407417e-10 7.45283377636e-10 -23847.04461829  1541.11661583 -0.0005011  0.  0.40577323
0.01 0.006 0.004 7.14638407417e-10 7.29391981566e-10 7.41320585933e-10 -14622.32294102 -26614.57779416 -0.00094776  0.  0.39071109
0.01 0.00644444444444 0.004 7.14638407417e-10 7.27309637348e-10 7.41320585933e-10  21204.2640073 -18640.18519948 -0.00080621  0.  0.39698931
0.01 0.00688888888889 0.004 7.14638407417e-10 7.2537090179e-10 7.41320585933e-10  21374.2740156  15615.00995016 -0.00069721  0.  0.40251923
0.01 0.00733333333333 0.004 7.14638407417e-10 7.23561285732e-10 7.41320585933e-10 -10016.82544575  22907.37940884 -0.00061132  0.  0.40698269
0.01 0.00777777777778 0.004 7.14638407417e-10 7.21857711922e-10 7.41320585933e-10 -23323.39993602 -4570.69906514 -0.00054256  0.  0.41038017
0.01 0.00822222222222 0.004 7.14638407417e-10 7.20257445003e-10 7.41320585933e-10 -572.02556194 -22714.84892276 -0.00048678  0.  0.41278301
0.01 0.00866666666667 0.004 7.14638407417e-10 7.18740362873e-10 7.41320585933e-10  21186.18956546 -5271.52972337 -0.00044095  0.  0.41423621
0.01 0.00911111111111 0.004 7.14638407417e-10 7.17305231585e-10 7.41320585933e-10  9402.36211518  18856.51609114 -0.00040284  0.  0.4147774
0.01 0.00955555555556 0.004 7.14638407417e-10 7.15939606078e-10 7.41320585933e-10 -15859.31111674  12857.02922549 -0.0003708  0.  0.41446962
0.01 0.01 0.004 7.14638407417e-10 7.14638407417e-10 7.41320585933e-10 -15549.20274412 -12341.6555182 -0.00034363  0.  0.41341592
0.01 0.0055 0.0045 7.14638407417e-10 7.31931994507e-10 7.37836168756e-10 -13819.72844292 -25145.88083354 -0.00085072  0.  0.3920663
0.01 0.00595 0.0045 7.14638407417e-10 7.29636461844e-10 7.37836168756e-10  26017.99257274 -4054.9469552 -0.00070602  0.  0.39924477
0.01 0.00685 0.0045 7.14638407417e-10 7.25534697414e-10 7.37836168756e-10 -19566.59564494 -11762.88482963 -0.00051416  0.  0.41114341
0.01 0.0064 0.0045 7.14638407417e-10 7.27511231018e-10 7.37836168756e-10 -4690.13739268  23956.63381851 -0.00059759  0.  0.40573423
0.01 0.0073 0.0045 7.14638407417e-10 7.23693407235e-10 7.37836168756e-10  16708.57706813 -13554.48441003 -0.00044891  0.  0.4155812
0.01 0.00775 0.0045 7.14638407417e-10 7.2196137515e-10 7.37836168756e-10  6683.29445925  19286.66788931 -0.00039698  0.  0.41899287
0.01 0.0082 0.0045 7.14638407417e-10 7.20334397808e-10 7.37836168756e-10 -19477.38180194 -280.63793801 -0.00035495  0.  0.42130711
0.01 0.00865 0.0045 7.14638407417e-10 7.18797141974e-10 7.37836168756e-10  6624.70139718 -17472.71972325 -0.00032054  0.  0.42262083
0.01 0.0091 0.0045 7.14638407417e-10 7.17338870462e-10 7.37836168756e-10  13652.24595638  11743.9141043 -0.00029203  0.  0.42301478
0.01 0.00955 0.0045 7.14638407417e-10 7.15957092534e-10 7.37836168756e-10 -15188.17786632  8543.5014948 -0.00026814  0.  0.42253245
0.01 0.01 0.0045 7.14638407417e-10 7.14638407417e-10 7.37836168756e-10 -2769.65008835 -16696.12058757 -0.00024793  0.  0.42127533
0.01 0.005 0.005 7.14638407417e-10 7.34728569747e-10 7.34728569747e-10 -13566.04150461 -24681.72884065 -0.00082113  0.  0.39253655
0.01 0.00545454545455 0.005 7.14638407417e-10 7.3217953555e-10 7.34728569747e-10  24251.47012636  7740.87920997 -0.00066204  0.  0.40045381
0.01 0.00636363636364 0.005 7.14638407417e-10 7.27675089099e-10 7.34728569747e-10  7613.68181866 -20146.91340453 -0.00046022  0.  0.4141525
0.01 0.00681818181818 0.005 7.14638407417e-10 7.2567005588e-10 7.34728569747e-10  7786.33363922  18525.67330175 -0.00039436  0.  0.41967314
0.01 0.00590909090909 0.005 7.14638407417e-10 7.29838178952e-10 7.34728569747e-10 -20971.49511836  10137.1936792 -0.00054654  0.  0.40776375
0.01 0.00727272727273 0.005 7.14638407417e-10 7.23801339276e-10 7.34728569747e-10 -17303.71134487 -7597.55686034 -0.00034296  0.  0.42406367
0.01 0.00772727272727 0.005 7.14638407417e-10 7.22048185732e-10 7.34728569747e-10  16837.95390814 -6059.5621142 -0.0003022  0.  0.42740952
0.01 0.00818181818182 0.005 7.14638407417e-10 7.20397437147e-10 7.34728569747e-10 -7662.89112037  15229.03288098 -0.00026938  0.  0.42969454
0.01 0.00863636363636 0.005 7.14638407417e-10 7.1884099332e-10 7.34728569747e-10 -4715.72175394 -15632.87536258 -0.00024256  0.  0.43091222
0.01 0.00909090909091 0.005 7.14638407417e-10 7.17369088836e-10 7.34728569747e-10  13647.05014722  7789.71248952 -0.00022041  0.  0.43118946
0.01 0.00954545454545 0.005 7.14638407417e-10 7.15970673751e-10 7.34728569747e-10 -14748.82381332  3616.70100448 -0.00020189  0.  0.43056593
0.01 0.01 0.005 7.14638407417e-10 7.14638407417e-10 7.34728569747e-10  7963.80812972 -12392.41956143 -0.00018627  0.  0.42914786
0.01 0.0055 0.0055 7.14638407417e-10 7.31931994507e-10 7.31931994507e-10  18588.40838332 -12775.39304543 -0.0005118  0.  0.40981001
0.01 0.006 0.0055 7.14638407417e-10 7.29391981566e-10 7.31931994507e-10  20286.85526018  2724.61688182 -0.00041517  0.  0.41760042
0.01 0.0065 0.0055 7.14638407417e-10 7.27061559954e-10 7.31931994507e-10  12138.26390645  14363.53935117 -0.00034478  0.  0.4243225
0.01 0.0075 0.0055 7.14638407417e-10 7.22908466553e-10 7.31931994507e-10 -11383.95477983  11745.84183531 -0.00025172  0.  0.43406155
0.01 0.007 0.0055 7.14638407417e-10 7.24907491161e-10 7.31931994507e-10 -594.4643202  17449.49643288 -0.00029208  0.  0.42983445
0.01 0.008 0.0055 7.14638407417e-10 7.2104598552e-10 7.31931994507e-10 -15412.0845803  1008.33955688 -0.00022019  0.  0.43698773
0.01 0.0085 0.0055 7.14638407417e-10 7.19300803603e-10 7.31931994507e-10 -11505.81560981 -9122.77550848 -0.00019513  0.  0.43864405
0.01 0.009 0.0055 7.14638407417e-10 7.17657263834e-10 7.31931994507e-10 -2302.2675662 -13853.41738353 -0.0001749  0.  0.43909999
0.01 0.0095 0.0055 7.14638407417e-10 7.16105692017e-10 7.31931994507e-10  7297.98762284 -11359.54103297 -0.00015835  0.  0.43845611
0.01 0.01 0.0055 7.14638407417e-10 7.14638407417e-10 7.31931994507e-10  12589.55595628 -3403.10807618 -0.00014464  0.  0.43683439
0.01 0.006 0.006 7.14638407417e-10 7.29391981566e-10 7.29391981566e-10  11975.87113393  14170.76885927 -0.00033615  0.  0.42527147
0.01 0.0065 0.006 7.14638407417e-10 7.27061559954e-10 7.29391981566e-10 -578.98089422  17015.21643876 -0.00027862  0.  0.4318974
0.01 0.007 0.006 7.14638407417e-10 7.24907491161e-10 7.29391981566e-10 -10986.69853684  11337.25319482 -0.00023559  0.  0.43734066
0.01 0.0075 0.006 7.14638407417e-10 7.22908466553e-10 7.29391981566e-10 -14741.11354694  965.45995153 -0.00020266  0.  0.44152346
0.01 0.008 0.006 7.14638407417e-10 7.2104598552e-10 7.29391981566e-10 -10917.69115648 -8655.09133952 -0.00017695  0.  0.44442143
0.01 0.0085 0.006 7.14638407417e-10 7.19300803603e-10 7.29391981566e-10 -2170.00549235 -13050.689478 -0.00015654  0.  0.44605592
0.01 0.009 0.006 7.14638407417e-10 7.17657263834e-10 7.29391981566e-10  6830.38409045 -10633.88224211 -0.00014007  0.  0.44648798
0.01 0.0095 0.006 7.14638407417e-10 7.16105692017e-10 7.29391981566e-10  11716.82530786 -3168.44791383 -0.0001266  0.  0.44581216
0.01 0.01 0.006 7.14638407417e-10 7.14638407417e-10 7.29391981566e-10  10432.56362026  5320.91871378 -0.00011545  0.  0.44414662
0.01 0.0065 0.0065 7.14638407417e-10 7.27061559954e-10 7.27061559954e-10 -10858.41557099  11205.31005483 -0.00023049  0.  0.43846734
0.01 0.007 0.0065 7.14638407417e-10 7.24907491161e-10 7.27061559954e-10 -14420.18309425  944.96258402 -0.00019452  0.  0.44389356
0.01 0.0075 0.0065 7.14638407417e-10 7.22908466553e-10 7.27061559954e-10 -10583.83219779 -8389.59949463 -0.00016702  0.  0.44809052
0.01 0.008 0.0065 7.14638407417e-10 7.2104598552e-10 7.27061559954e-10 -2087.36022563 -12549.31208282 -0.00014557  0.  0.45102329
0.01 0.0085 0.0065 7.14638407417e-10 7.19300803603e-10 7.27061559954e-10  6520.23810636 -10152.46046177 -0.00012854  0.  0.45270287
0.01 0.009 0.0065 7.14638407417e-10 7.17657263834e-10 7.27061559954e-10  11113.68088654 -3006.20685625 -0.00011481  0.  0.4531817
0.01 0.0095 0.0065 7.14638407417e-10 7.16105692017e-10 7.27061559954e-10  9838.77993063  5017.10103429 -0.0001036  0.  0.45254755
0.01 0.01 0.0065 7.14638407417e-10 7.14638407417e-10 7.27061559954e-10  3784.45781778  9948.69848613  -9.43176297e-05  0.  0.45091322
0.01 0.007 0.007 7.14638407417e-10 7.24907491161e-10 7.24907491161e-10 -10475.54266194 -8303.47530508 -0.00016386  0.  0.44934934
0.01 0.0075 0.007 7.14638407417e-10 7.22908466553e-10 7.24907491161e-10 -2047.58860392 -12308.0431989 -0.00014043  0.  0.45361323
0.01 0.008 0.007 7.14638407417e-10 7.2104598552e-10 7.24907491161e-10  6342.92080918 -9877.16072701 -0.00012217  0.  0.45663975
0.01 0.0085 0.007 7.14638407417e-10 7.19300803603e-10 7.24907491161e-10  10733.84365345 -2903.97720651 -0.00010768  0.  0.45842992
0.01 0.009 0.007 7.14638407417e-10 7.17657263834e-10 7.24907491161e-10  9441.22013243  4813.74438683  -9.60088312e-05  0.  0.45902707
0.01 0.0095 0.007 7.14638407417e-10 7.16105692017e-10 7.24907491161e-10  3610.75301138  9490.37434113  -8.64774149e-05  0.  0.45851068
0.01 0.01 0.007 7.14638407417e-10 7.14638407417e-10 7.24907491161e-10 -3554.80585587  9105.95232483  -7.85991756e-05  0.  0.45698608
0.01 0.0075 0.0075 7.14638407417e-10 7.22908466553e-10 7.22908466553e-10  6285.2058032 -9787.53879946 -0.00012013  0.  0.45798847
0.01 0.00833333333333 0.0075 7.14638407417e-10 7.19868553989e-10 7.22908466553e-10 -7173.6131923  7702.84168281  -9.56457056e-05  0.  0.46260333
0.01 0.00791666666667 0.0075 7.14638407417e-10 7.21349439386e-10 7.22908466553e-10 -8717.6671772 -6770.55710292 -0.00010669  0.  0.46071676
0.01 0.00875 0.0075 7.14638407417e-10 7.18467048731e-10 7.22908466553e-10  6734.14990538  7502.90574932  -8.64615877e-05  0.  0.463659
0.01 0.00916666666667 0.0075 7.14638407417e-10 7.17129686788e-10 7.22908466553e-10  7764.82805276 -5804.73445017  -7.87496373e-05  0.  0.46391536
0.01 0.00958333333333 0.0075 7.14638407417e-10 7.15857015828e-10 7.22908466553e-10 -4909.5923633 -7964.27268488  -7.22168607e-05  0.  0.46342612
0.01 0.01 0.0075 7.14638407417e-10 7.14638407417e-10 7.22908466553e-10 -8104.98062431  4045.01163238  -6.66366712e-05  0.  0.46224531
0.01 0.008 0.008 7.14638407417e-10 7.2104598552e-10 7.2104598552e-10  9137.91549723  4658.68337883  -9.04104029e-05  0.  0.46452529
0.01 0.0085 0.008 7.14638407417e-10 7.19300803603e-10 7.2104598552e-10  3447.09665025  9058.79745269  -7.93978129e-05  0.  0.46671256
0.01 0.009 0.008 7.14638407417e-10 7.17657263834e-10 7.2104598552e-10 -3350.5208275  8584.34725248  -7.05382373e-05  0.  0.46774509
0.01 0.0095 0.008 7.14638407417e-10 7.16105692017e-10 7.2104598552e-10 -7881.32369742  3933.69027559  -6.33131555e-05  0.  0.46768007
0.01 0.01 0.008 7.14638407417e-10 7.14638407417e-10 7.2104598552e-10 -8147.39571851 -2279.45070246  -5.73491836e-05  0.  0.46660145
0.01 0.0085 0.0085 7.14638407417e-10 7.19300803603e-10 7.19300803603e-10 -3326.04875184  8521.85053577  -6.96009779e-05  0.  0.46916852
0.01 0.0095 0.0085 7.14638407417e-10 7.16105692017e-10 7.19300803603e-10 -7987.06584984 -2234.40185113  -5.53061919e-05  0.  0.47075281
0.01 0.009 0.0085 7.14638407417e-10 7.17657263834e-10 7.19300803603e-10 -7772.41801029  3879.49114752  -6.17248946e-05  0.  0.47050066
0.01 0.01 0.0085 7.14638407417e-10 7.14638407417e-10 7.19300803603e-10 -4241.77116583 -6731.6395964  -5.00113101e-05  0.  0.46999592
0.01 0.009 0.009 7.14638407417e-10 7.17657263834e-10 7.17657263834e-10 -7934.50347891 -2219.62774714  -5.46442599e-05  0.  0.47217072
0.01 0.0095 0.009 7.14638407417e-10 7.16105692017e-10 7.17657263834e-10 -4188.77269686 -6647.32150406  -4.88776203e-05  0.  0.47278519
0.01 0.01 0.009 7.14638407417e-10 7.14638407417e-10 7.17657263834e-10  1299.36589193 -7415.97511727  -4.41236836e-05  0.  0.47240133
0.01 0.0095 0.0095 7.14638407417e-10 7.16105692017e-10 7.16105692017e-10  1291.54991512 -7371.63171785  -4.36454030e-05  0.  0.47379338
0.01 0.01 0.0095 7.14638407417e-10 7.14638407417e-10 7.16105692017e-10  5651.81222509 -4400.99868796  -3.93347506e-05  0.  0.47382077
0.01 0.01 0.01 7.14638407417e-10 7.14638407417e-10 7.14638407417e-10  6829.72364773  507.22478679  -3.53917444e-05  0.  0.47428404
