0.01 0.01 0.001 7.14638407417e-10 7.14638407417e-10 7.83510599697e-10  125847.21830413 -85123.89692879 -0.02060969  0.  0.37769631
0.01 0.008 0.002 7.14638407417e-10 7.2104598552e-10 7.62175838441e-10 -29817.82052013 -54544.23952876 -0.00376703  0.  0.38051613
0.01 0.0095 0.001 7.14638407417e-10 7.16105692017e-10 7.83510599697e-10  37200.91053358 -151792.87233128 -0.02233207  0.  0.37740379
0.01 0.009 0.001 7.14638407417e-10 7.17657263834e-10 7.83510599697e-10 -76757.21186258 -142053.91530382 -0.02440654  0.  0.37622593
0.01 0.00866666666667 0.002 7.14638407417e-10 7.18740362873e-10 7.62175838441e-10 -58627.70463034  2518.05317965 -0.00325772  0.  0.384265
0.01 0.00933333333333 0.002 7.14638407417e-10 7.16614713336e-10 7.62175838441e-10 -22527.68719595  51206.74387236 -0.00287115  0.  0.38608367
0.01 0.01 0.002 7.14638407417e-10 7.14638407417e-10 7.62175838441e-10  34597.07574857  41162.29883789 -0.0025705  0.  0.38613609
0.01 0.007 0.003 7.14638407417e-10 7.24907491161e-10 7.49890598773e-10 -18599.69744943 -33901.50616565 -0.00150525  0.  0.38604981
0.01 0.00775 0.003 7.14638407417e-10 7.2196137515e-10 7.49890598773e-10  20065.2490628 -29219.10854306 -0.00122596  0.  0.39309762
0.01 0.00925 0.003 7.14638407417e-10 7.16870441479e-10 7.49890598773e-10  10179.94610147  29463.60619404 -0.00088745  0.  0.39913278
0.01 0.01 0.003 7.14638407417e-10 7.14638407417e-10 7.49890598773e-10 -20725.80259568  21333.90022874 -0.00078047  0.  0.39854918
0.01 0.0085 0.003 7.14638407417e-10 7.19300803603e-10 7.49890598773e-10  32724.26344804  4429.28994347 -0.0010301  0.  0.39744014
0.01 0.006 0.004 7.14638407417e-10 7.29391981566e-10 7.41320585933e-10 -14622.32294102 -26614.57779416 -0.00094776  0.  0.39071109
0.01 0.0068 0.004 7.14638407417e-10 7.25748982033e-10 7.41320585933e-10 -14729.35307872 -22386.1788536 -0.00071684  0.  0.40144827
0.01 0.0084 0.004 7.14638407417e-10 7.1964007022e-10 7.41320585933e-10 -15085.77078567 -16489.46783324 -0.00046739  0.  0.41347825
0.01 0.0076 0.004 7.14638407417e-10 7.22527002774e-10 7.41320585933e-10 -14887.74008859 -19124.20373777 -0.00056827  0.  0.40911586
0.01 0.0092 0.004 7.14638407417e-10 7.17026007844e-10 7.41320585933e-10 -15310.52047813 -14273.32100461 -0.00039597  0.  0.41476475
0.01 0.01 0.004 7.14638407417e-10 7.14638407417e-10 7.41320585933e-10 -15549.20274412 -12341.6555182 -0.00034363  0.  0.41341592
0.01 0.005 0.005 7.14638407417e-10 7.34728569747e-10 7.34728569747e-10 -13566.04150461 -24681.72884065 -0.00082113  0.  0.39253655
0.01 0.00583333333333 0.005 7.14638407417e-10 7.30211905886e-10 7.34728569747e-10  7514.29637233  22395.19631105 -0.00056349  0.  0.40662594
0.01 0.00666666666667 0.005 7.14638407417e-10 7.263221206e-10 7.34728569747e-10 -2965.03254407 -20330.93394092 -0.00041443  0.  0.41791348
0.01 0.0075 0.005 7.14638407417e-10 7.22908466553e-10 7.34728569747e-10 -627.20669612  18364.24722788 -0.00032146  0.  0.42589443
0.01 0.00833333333333 0.005 7.14638407417e-10 7.19868553989e-10 7.34728569747e-10  3552.61072733 -16415.45649622 -0.00025984  0.  0.4301986
0.01 0.00916666666667 0.005 7.14638407417e-10 7.17129686788e-10 7.34728569747e-10 -5969.5929607  14434.39974833 -0.00021709  0.  0.43114662
0.01 0.01 0.005 7.14638407417e-10 7.14638407417e-10 7.34728569747e-10  7963.80812972 -12392.41956143 -0.00018627  0.  0.42914786
0.01 0.006 0.006 7.14638407417e-10 7.29391981566e-10 7.29391981566e-10  11975.87113393  14170.76885927 -0.00033615  0.  0.42527147
0.01 0.007 0.006 7.14638407417e-10 7.24907491161e-10 7.29391981566e-10 -10986.69853684  11337.25319482 -0.00023559  0.  0.43734066
0.01 0.008 0.006 7.14638407417e-10 7.2104598552e-10 7.29391981566e-10 -10917.69115648 -8655.09133952 -0.00017695  0.  0.44442143
0.01 0.009 0.006 7.14638407417e-10 7.17657263834e-10 7.29391981566e-10  6830.38409045 -10633.88224211 -0.00014007  0.  0.44648798
0.01 0.01 0.006 7.14638407417e-10 7.14638407417e-10 7.29391981566e-10  10432.56362026  5320.91871378 -0.00011545  0.  0.44414662
0.01 0.007 0.007 7.14638407417e-10 7.24907491161e-10 7.24907491161e-10 -10475.54266194 -8303.47530508 -0.00016386  0.  0.44934934
0.01 0.008 0.007 7.14638407417e-10 7.2104598552e-10 7.24907491161e-10  6342.92080918 -9877.16072701 -0.00012217  0.  0.45663975
0.01 0.009 0.007 7.14638407417e-10 7.17657263834e-10 7.24907491161e-10  9441.22013243  4813.74438683  -9.60088312e-05  0.  0.45902707
0.01 0.01 0.007 7.14638407417e-10 7.14638407417e-10 7.24907491161e-10 -3554.80585587  9105.95232483  -7.85991756e-05  0.  0.45698608
0.01 0.008 0.008 7.14638407417e-10 7.2104598552e-10 7.2104598552e-10  9137.91549723  4658.68337883  -9.04104029e-05  0.  0.46452529
0.01 0.009 0.008 7.14638407417e-10 7.17657263834e-10 7.2104598552e-10 -3350.5208275  8584.34725248  -7.05382373e-05  0.  0.46774509
0.01 0.01 0.008 7.14638407417e-10 7.14638407417e-10 7.2104598552e-10 -8147.39571851 -2279.45070246  -5.73491836e-05  0.  0.46660145
0.01 0.009 0.009 7.14638407417e-10 7.17657263834e-10 7.17657263834e-10 -7934.50347891 -2219.62774714  -5.46442599e-05  0.  0.47217072
0.01 0.01 0.009 7.14638407417e-10 7.14638407417e-10 7.17657263834e-10  1299.36589193 -7415.97511727  -4.41236836e-05  0.  0.47240133
0.01 0.01 0.01 7.14638407417e-10 7.14638407417e-10 7.14638407417e-10  6829.72364773  507.22478679  -3.53917444e-05  0.  0.47428404
