  1.00000000000000008E-030  4.53065657375398175E-010
  2.51188643150957189E-029  4.52890685477056748E-010
  6.30957344480194326E-028  4.52720253466528960E-010
  1.58489319246111100E-026  4.52553643537456435E-010
  3.98107170553498540E-025  4.52391120874227907E-010
  9.99999999999999960E-024  4.52234106624378445E-010
  2.51188643150957182E-022  4.52079828199066787E-010
  6.30957344480194284E-021  4.51928759074683680E-010
  1.58489319246111088E-019  4.51784052522030120E-010
  3.98107170553495284E-018  4.51643308430903688E-010
  9.99999999999999979E-017  4.51508070621044629E-010
  2.51188643150957185E-015  4.51377790119700971E-010
  6.30957344480191642E-014  4.51251562007502867E-010
  1.58489319246111099E-012  4.51133354049520028E-010
  3.98107170553495270E-011  4.51019593136110787E-010
  9.99999999999995926E-010  4.50913019955436015E-010
  2.51188643150957182E-008  4.50813499473093132E-010
  6.30957344480191693E-007  4.50714414376617364E-010
  1.58489319246110769E-005  4.46135251605018514E-010
  3.98107170553495726E-004  3.28112475440536883E-012
