1e-06 2.54198 18.98232 2.58217431307e-10 -8.24227786e+19  0.75952885
1.77827941004e-06 3.129 19.56948 2.52339523319e-10 -1.30921249e+19  0.71183654
3.16227766017e-06 3.71616 20.15664 2.46595575361e-10  -2.20590582e+18  0.69322571
5.6234132519e-06 4.30332 20.7438 2.40982359167e-10  -3.79564447e+17  0.68692187
1e-05 4.89048 21.33096 2.35496947853e-10 -6.57667378e+16  0.68499307
1.77827941004e-05 5.47764 21.91812 2.30136383665e-10  -1.14166845e+16  0.68427389
3.16227766017e-05 6.0648 22.50528 2.24897840799e-10  -1.98335245e+15  0.68405594
5.6234132519e-05 6.65196 23.09244 2.19778541715e-10 -3.44633382e+14  0.68398939
0.0001 7.23912 23.6796 2.14775772104e-10  -5.98886240e+13  0.68396899
0.000177827941004 7.82628 24.26676 2.09886879468e-10  -1.04073503e+13  0.68396244
0.000316227766017 8.41344 24.85392 2.05109271763e-10  -1.80858483e+12  0.68396042
0.00056234132519 9.0006 25.44108 2.00440398161e-10  -3.14293286e+11  0.68395452
0.001 9.58776 26.02824 1.95877838364e-10  -5.46183292e+10  0.68395965
0.00177827941004 10.17492 26.6154 1.91419122752e-10  -9.49157799e+09  0.68395964
0.00316227766017 10.76208 27.20256 1.87061917491e-10  -1.64944772e+09  0.68395975
0.0056234132519 11.34924 27.78972 1.82803957134e-10  -2.86641252e+08  0.68395964
0.01 11.9364 28.37688 1.78643122142e-10 -49812622.72859812  0.68395965
0.0177827941004 12.52356 28.96404 1.74576947857e-10 -8656482.12586334  0.68396191
0.0316227766017 13.11072 29.5512 1.70603052663e-10 -1504319.40746407  0.68395989
0.056234132519 13.69788 30.13836 1.66719500405e-10 -261422.10683686  0.68396407
0.1 14.28504 30.72552 1.62924656867e-10 -45429.65357104  0.68395887
